phase	epoch	g_loss	pre_d_loss	pre_real_prob	pre_fake_prob	pre_accuracy	post_d_loss	post_real_prob	post_fake_prob	post_accuracy
pre-train-d-epoch	0	0	-	4.5955	0.5008	0.4956	0.5026
pre-train-d-epoch	0	1	-	3.5691	0.5247	0.4769	0.5239
pre-train-d-epoch	0	2	-	3.0343	0.5308	0.4717	0.5296
pre-train-d-epoch	1	0	-	2.6524	0.5208	0.4798	0.5205
pre-train-d-epoch	1	1	-	2.3272	0.5247	0.4744	0.5251
pre-train-d-epoch	1	2	-	2.0493	0.5365	0.4637	0.5364
pre-train-d-epoch	2	0	-	1.8499	0.5256	0.4736	0.5260
pre-train-d-epoch	2	1	-	1.6430	0.5348	0.4648	0.5350
pre-train-d-epoch	2	2	-	1.4590	0.5489	0.4507	0.5491
pre-train-d-epoch	3	0	-	1.3290	0.5447	0.4553	0.5447
pre-train-d-epoch	3	1	-	1.1835	0.5601	0.4397	0.5602
pre-train-d-epoch	3	2	-	1.0407	0.5889	0.4110	0.5889
pre-train-d-epoch	4	0	-	0.9700	0.5840	0.4139	0.5850
pre-train-d-epoch	4	1	-	0.8382	0.6274	0.3734	0.6270
pre-train-d-epoch	4	2	-	0.7140	0.6759	0.3245	0.6757
pre-train-d-epoch	5	0	-	0.7258	0.6549	0.3445	0.6552
pre-train-d-epoch	5	1	-	0.6207	0.6996	0.3008	0.6994
pre-train-d-epoch	5	2	-	0.5509	0.7364	0.2639	0.7362
pre-train-d-epoch	6	0	-	0.5160	0.7426	0.2572	0.7427
pre-train-d-epoch	6	1	-	0.4046	0.8017	0.1980	0.8019
pre-train-d-epoch	6	2	-	0.3255	0.8518	0.1487	0.8516
pre-train-d-epoch	7	0	-	0.3661	0.8284	0.1711	0.8286
pre-train-d-epoch	7	1	-	0.2739	0.8766	0.1233	0.8766
pre-train-d-epoch	7	2	-	0.2264	0.9050	0.0946	0.9052
pre-train-d-epoch	8	0	-	0.2710	0.8804	0.1202	0.8801
pre-train-d-epoch	8	1	-	0.1990	0.9154	0.0854	0.9150
pre-train-d-epoch	8	2	-	0.1833	0.9264	0.0723	0.9270
pre-train-d-epoch	9	0	-	0.2030	0.9108	0.0894	0.9107
pre-train-d-epoch	9	1	-	0.1404	0.9423	0.0572	0.9425
pre-train-d-epoch	9	2	-	0.1225	0.9530	0.0477	0.9527
pre-train-d-epoch	10	0	-	0.1600	0.9300	0.0693	0.9304
pre-train-d-epoch	10	1	-	0.1204	0.9482	0.0523	0.9480
pre-train-d-epoch	10	2	-	0.1346	0.9426	0.0569	0.9428
pre-train-d-epoch	11	0	-	0.1249	0.9455	0.0545	0.9455
pre-train-d-epoch	11	1	-	0.0841	0.9657	0.0336	0.9661
pre-train-d-epoch	11	2	-	0.0735	0.9722	0.0282	0.9720
pre-train-d-epoch	12	0	-	0.1019	0.9552	0.0449	0.9551
pre-train-d-epoch	12	1	-	0.0627	0.9756	0.0238	0.9759
pre-train-d-epoch	12	2	-	0.0495	0.9843	0.0159	0.9842
pre-train-d-epoch	13	0	-	0.0877	0.9587	0.0410	0.9589
pre-train-d-epoch	13	1	-	0.0520	0.9794	0.0204	0.9795
pre-train-d-epoch	13	2	-	0.0450	0.9836	0.0170	0.9833
pre-train-d-epoch	14	0	-	0.0766	0.9627	0.0363	0.9632
pre-train-d-epoch	14	1	-	0.0419	0.9843	0.0164	0.9839
pre-train-d-epoch	14	2	-	0.0331	0.9887	0.0110	0.9888
pre-train-d-epoch	15	0	-	0.0644	0.9686	0.0311	0.9687
pre-train-d-epoch	15	1	-	0.0365	0.9855	0.0145	0.9855
pre-train-d-epoch	15	2	-	0.0279	0.9905	0.0095	0.9905
pre-train-d-epoch	16	0	-	0.0653	0.9673	0.0325	0.9674
pre-train-d-epoch	16	1	-	0.0286	0.9892	0.0105	0.9893
pre-train-d-epoch	16	2	-	0.0243	0.9915	0.0085	0.9915
pre-train-d-epoch	17	0	-	0.0562	0.9720	0.0278	0.9721
pre-train-d-epoch	17	1	-	0.0299	0.9874	0.0125	0.9875
pre-train-d-epoch	17	2	-	0.0214	0.9926	0.0075	0.9926
pre-train-d-epoch	18	0	-	0.0471	0.9769	0.0229	0.9770
pre-train-d-epoch	18	1	-	0.0249	0.9899	0.0100	0.9899
pre-train-d-epoch	18	2	-	0.0202	0.9924	0.0076	0.9924
pre-train-d-epoch	19	0	-	0.0446	0.9779	0.0216	0.9782
pre-train-d-epoch	19	1	-	0.0231	0.9908	0.0094	0.9907
pre-train-d-epoch	19	2	-	0.0189	0.9928	0.0073	0.9928
pre-train-d-epoch	20	0	-	0.0408	0.9793	0.0203	0.9795
pre-train-d-epoch	20	1	-	0.0216	0.9911	0.0086	0.9912
pre-train-d-epoch	20	2	-	0.0159	0.9944	0.0059	0.9942
pre-train-d-epoch	21	0	-	0.0343	0.9833	0.0169	0.9832
pre-train-d-epoch	21	1	-	0.0229	0.9893	0.0101	0.9896
pre-train-d-epoch	21	2	-	0.0156	0.9943	0.0058	0.9942
pre-train-d-epoch	22	0	-	0.0357	0.9828	0.0170	0.9829
pre-train-d-epoch	22	1	-	0.0173	0.9929	0.0071	0.9929
pre-train-d-epoch	22	2	-	0.0129	0.9954	0.0046	0.9954
pre-train-d-epoch	23	0	-	0.0337	0.9832	0.0169	0.9831
pre-train-d-epoch	23	1	-	0.0184	0.9921	0.0077	0.9922
pre-train-d-epoch	23	2	-	0.0119	0.9956	0.0042	0.9957
pre-train-d-epoch	24	0	-	0.0247	0.9878	0.0121	0.9879
pre-train-d-epoch	24	1	-	0.0140	0.9943	0.0057	0.9943
pre-train-d-epoch	24	2	-	0.0111	0.9958	0.0041	0.9958
pre-train-d-epoch	25	0	-	0.0285	0.9862	0.0135	0.9864
pre-train-d-epoch	25	1	-	0.0164	0.9925	0.0073	0.9926
pre-train-d-epoch	25	2	-	0.0113	0.9960	0.0043	0.9959
pre-train-d-epoch	26	0	-	0.0290	0.9852	0.0146	0.9853
pre-train-d-epoch	26	1	-	0.0152	0.9931	0.0066	0.9932
pre-train-d-epoch	26	2	-	0.0099	0.9964	0.0037	0.9964
pre-train-d-epoch	27	0	-	0.0267	0.9874	0.0123	0.9876
pre-train-d-epoch	27	1	-	0.0128	0.9948	0.0054	0.9947
pre-train-d-epoch	27	2	-	0.0103	0.9958	0.0041	0.9959
pre-train-d-epoch	28	0	-	0.0217	0.9899	0.0101	0.9899
pre-train-d-epoch	28	1	-	0.0129	0.9942	0.0056	0.9943
pre-train-d-epoch	28	2	-	0.0089	0.9967	0.0034	0.9966
pre-train-d-epoch	29	0	-	0.0199	0.9905	0.0095	0.9905
pre-train-d-epoch	29	1	-	0.0108	0.9953	0.0045	0.9954
pre-train-d-epoch	29	2	-	0.0106	0.9954	0.0047	0.9954
pre-train-d-epoch	30	0	-	0.0190	0.9909	0.0089	0.9910
pre-train-d-epoch	30	1	-	0.0108	0.9954	0.0046	0.9954
pre-train-d-epoch	30	2	-	0.0079	0.9969	0.0031	0.9969
pre-train-d-epoch	31	0	-	0.0195	0.9906	0.0092	0.9907
pre-train-d-epoch	31	1	-	0.0095	0.9961	0.0039	0.9961
pre-train-d-epoch	31	2	-	0.0066	0.9975	0.0025	0.9975
pre-train-d-epoch	32	0	-	0.0193	0.9907	0.0092	0.9908
pre-train-d-epoch	32	1	-	0.0090	0.9964	0.0035	0.9964
pre-train-d-epoch	32	2	-	0.0083	0.9965	0.0036	0.9965
pre-train-d-epoch	33	0	-	0.0197	0.9904	0.0094	0.9905
pre-train-d-epoch	33	1	-	0.0079	0.9967	0.0033	0.9967
pre-train-d-epoch	33	2	-	0.0075	0.9968	0.0031	0.9968
pre-train-d-epoch	34	0	-	0.0192	0.9907	0.0092	0.9907
pre-train-d-epoch	34	1	-	0.0084	0.9967	0.0034	0.9967
pre-train-d-epoch	34	2	-	0.0061	0.9977	0.0023	0.9977
pre-train-d-epoch	35	0	-	0.0189	0.9908	0.0090	0.9909
pre-train-d-epoch	35	1	-	0.0074	0.9971	0.0030	0.9970
pre-train-d-epoch	35	2	-	0.0058	0.9977	0.0023	0.9977
pre-train-d-epoch	36	0	-	0.0172	0.9919	0.0079	0.9920
pre-train-d-epoch	36	1	-	0.0083	0.9964	0.0035	0.9965
pre-train-d-epoch	36	2	-	0.0057	0.9977	0.0023	0.9977
pre-train-d-epoch	37	0	-	0.0143	0.9929	0.0068	0.9930
pre-train-d-epoch	37	1	-	0.0085	0.9963	0.0038	0.9963
pre-train-d-epoch	37	2	-	0.0052	0.9979	0.0021	0.9979
pre-train-d-epoch	38	0	-	0.0147	0.9930	0.0068	0.9931
pre-train-d-epoch	38	1	-	0.0075	0.9967	0.0033	0.9967
pre-train-d-epoch	38	2	-	0.0059	0.9976	0.0025	0.9975
pre-train-d-epoch	39	0	-	0.0146	0.9929	0.0071	0.9929
pre-train-d-epoch	39	1	-	0.0080	0.9967	0.0032	0.9967
pre-train-d-epoch	39	2	-	0.0044	0.9984	0.0017	0.9983
pre-train-d-epoch	40	0	-	0.0143	0.9930	0.0069	0.9931
pre-train-d-epoch	40	1	-	0.0088	0.9961	0.0040	0.9960
pre-train-d-epoch	40	2	-	0.0053	0.9978	0.0021	0.9978
pre-train-d-epoch	41	0	-	0.0108	0.9947	0.0052	0.9947
pre-train-d-epoch	41	1	-	0.0073	0.9969	0.0032	0.9969
pre-train-d-epoch	41	2	-	0.0045	0.9982	0.0018	0.9982
pre-train-d-epoch	42	0	-	0.0184	0.9911	0.0088	0.9912
pre-train-d-epoch	42	1	-	0.0088	0.9963	0.0038	0.9962
pre-train-d-epoch	42	2	-	0.0046	0.9981	0.0017	0.9982
pre-train-d-epoch	43	0	-	0.0105	0.9949	0.0048	0.9951
pre-train-d-epoch	43	1	-	0.0073	0.9966	0.0034	0.9966
pre-train-d-epoch	43	2	-	0.0039	0.9986	0.0015	0.9985
pre-train-d-epoch	44	0	-	0.0151	0.9928	0.0068	0.9930
pre-train-d-epoch	44	1	-	0.0040	0.9986	0.0015	0.9986
pre-train-d-epoch	44	2	-	0.0045	0.9981	0.0018	0.9981
pre-train-d-epoch	45	0	-	0.0133	0.9936	0.0063	0.9937
pre-train-d-epoch	45	1	-	0.0054	0.9977	0.0023	0.9977
pre-train-d-epoch	45	2	-	0.0046	0.9982	0.0020	0.9981
pre-train-d-epoch	46	0	-	0.0133	0.9935	0.0063	0.9936
pre-train-d-epoch	46	1	-	0.0051	0.9978	0.0021	0.9979
pre-train-d-epoch	46	2	-	0.0040	0.9984	0.0017	0.9984
pre-train-d-epoch	47	0	-	0.0099	0.9953	0.0047	0.9953
pre-train-d-epoch	47	1	-	0.0066	0.9969	0.0029	0.9970
pre-train-d-epoch	47	2	-	0.0057	0.9976	0.0026	0.9975
pre-train-d-epoch	48	0	-	0.0132	0.9937	0.0061	0.9938
pre-train-d-epoch	48	1	-	0.0052	0.9979	0.0022	0.9979
pre-train-d-epoch	48	2	-	0.0046	0.9980	0.0020	0.9980
pre-train-d-epoch	49	0	-	0.0098	0.9955	0.0044	0.9956
pre-train-d-epoch	49	1	-	0.0046	0.9981	0.0020	0.9980
pre-train-d-epoch	49	2	-	0.0045	0.9980	0.0020	0.9980
adv-train-epoch	0	45.1345	0.0127	0.9997	0.0079	0.9959	0.0182	0.9998	0.0112
adv-train-epoch	1	112.2826	0.0162	0.9998	0.0108	0.9945	0.0062	0.9995	0.0035
adv-train-epoch	2	17.0114	0.0085	0.9994	0.0046	0.9974	0.0082	0.9906	0.0011
adv-train-epoch	3	6.0907	0.0081	0.9913	0.0014	0.9950	0.0111	0.9999	0.0057
adv-train-epoch	4	38.5037	0.0117	0.9999	0.0064	0.9967	0.0044	0.9991	0.0021
adv-train-epoch	5	5.8038	0.0032	0.9992	0.0016	0.9988	0.0195	1.0000	0.0110
adv-train-epoch	6	80.1943	0.0225	1.0000	0.0103	0.9949	0.0077	0.9999	0.0036
adv-train-epoch	7	23.7120	0.0039	0.9998	0.0031	0.9983	0.0035	0.9998	0.0021
adv-train-epoch	8	43.4883	0.0059	0.9998	0.0033	0.9982	0.0120	1.0000	0.0068
adv-train-epoch	9	55.6439	0.0118	1.0000	0.0065	0.9967	0.0048	0.9998	0.0025
adv-train-epoch	10	8.2055	0.0051	0.9998	0.0025	0.9987	0.0029	0.9980	0.0009
adv-train-epoch	11	6.4775	0.0027	0.9983	0.0009	0.9987	0.0162	1.0000	0.0097
adv-train-epoch	12	50.0756	0.0182	1.0000	0.0103	0.9949	0.0051	0.9994	0.0019
adv-train-epoch	13	6.6706	0.0041	0.9996	0.0022	0.9987	0.0024	0.9998	0.0015
adv-train-epoch	14	6.7318	0.0040	0.9998	0.0022	0.9988	0.0029	0.9999	0.0013
adv-train-epoch	15	6.0904	0.0020	0.9998	0.0016	0.9991	0.0044	0.9999	0.0023
adv-train-epoch	16	15.4251	0.0060	1.0000	0.0022	0.9989	0.0069	0.9999	0.0031
adv-train-epoch	17	15.0235	0.0066	0.9999	0.0030	0.9984	0.0066	0.9999	0.0033
adv-train-epoch	18	21.5114	0.0061	0.9999	0.0031	0.9984	0.0035	0.9999	0.0019
adv-train-epoch	19	14.9988	0.0047	0.9999	0.0023	0.9988	0.0038	0.9999	0.0019
adv-train-epoch	20	4.6491	0.0046	0.9999	0.0016	0.9991	0.0041	0.9999	0.0014
adv-train-epoch	21	5.8176	0.0047	0.9999	0.0021	0.9989	0.0022	0.9995	0.0013
adv-train-epoch	22	17.7200	0.0017	0.9994	0.0009	0.9993	0.0032	1.0000	0.0018
adv-train-epoch	23	9.9548	0.0019	1.0000	0.0013	0.9994	0.0028	0.9999	0.0016
adv-train-epoch	24	9.3221	0.0035	1.0000	0.0017	0.9991	0.0037	0.9999	0.0018
adv-train-epoch	25	10.4219	0.0031	0.9998	0.0014	0.9992	0.0015	0.9999	0.0009
adv-train-epoch	26	1.9657	0.0029	0.9999	0.0013	0.9993	0.0020	0.9999	0.0011
adv-train-epoch	27	4.7377	0.0019	1.0000	0.0011	0.9994	0.0046	0.9944	0.0001
adv-train-epoch	28	0.1778	0.0049	0.9939	0.0000	0.9969	0.0014	0.9999	0.0011
adv-train-epoch	29	19.1205	0.0017	0.9999	0.0012	0.9994	0.0013	0.9999	0.0009
adv-train-epoch	30	13.2236	0.0026	0.9998	0.0015	0.9992	0.0013	0.9998	0.0008
adv-train-epoch	31	1.2298	0.0023	0.9999	0.0006	0.9997	0.0029	0.9999	0.0015
adv-train-epoch	32	12.5734	0.0023	0.9999	0.0010	0.9995	0.0010	0.9999	0.0005
adv-train-epoch	33	8.0609	0.0012	1.0000	0.0007	0.9996	0.0009	1.0000	0.0006
adv-train-epoch	34	0.5452	0.0008	0.9999	0.0004	0.9998	0.0017	1.0000	0.0006
adv-train-epoch	35	6.1397	0.0009	1.0000	0.0008	0.9996	0.0049	1.0000	0.0026
adv-train-epoch	36	13.4287	0.0046	1.0000	0.0025	0.9988	0.0023	1.0000	0.0014
adv-train-epoch	37	4.4402	0.0031	1.0000	0.0011	0.9994	0.0031	0.9999	0.0011
adv-train-epoch	38	5.3688	0.0010	0.9999	0.0005	0.9997	0.0022	1.0000	0.0007
adv-train-epoch	39	2.5641	0.0015	0.9999	0.0005	0.9997	0.0011	0.9998	0.0005
adv-train-epoch	40	3.2668	0.0015	0.9999	0.0006	0.9996	0.0014	1.0000	0.0009
adv-train-epoch	41	5.0944	0.0020	1.0000	0.0010	0.9995	0.0027	0.9999	0.0013
adv-train-epoch	42	1.6913	0.0022	1.0000	0.0010	0.9995	0.0005	0.9999	0.0004
adv-train-epoch	43	2.1811	0.0019	0.9999	0.0005	0.9997	0.0013	1.0000	0.0008
adv-train-epoch	44	4.8674	0.0017	1.0000	0.0007	0.9996	0.0016	0.9999	0.0008
adv-train-epoch	45	9.7743	0.0023	1.0000	0.0010	0.9995	0.0010	1.0000	0.0006
adv-train-epoch	46	3.0399	0.0013	0.9999	0.0006	0.9997	0.0005	0.9999	0.0004
adv-train-epoch	47	3.2887	0.0007	0.9999	0.0003	0.9998	0.0007	1.0000	0.0004
adv-train-epoch	48	1.8586	0.0015	0.9999	0.0004	0.9997	0.0009	0.9999	0.0004
adv-train-epoch	49	2.6926	0.0016	0.9999	0.0008	0.9995	0.0012	0.9999	0.0005
adv-train-epoch	50	4.1947	0.0023	1.0000	0.0009	0.9995	0.0019	1.0000	0.0008
adv-train-epoch	51	3.2785	0.0008	1.0000	0.0004	0.9998	0.0010	0.9995	0.0002
adv-train-epoch	52	1.5102	0.0012	0.9996	0.0004	0.9996	0.0041	1.0000	0.0013
adv-train-epoch	53	3.0274	0.0029	1.0000	0.0011	0.9994	0.0028	1.0000	0.0014
adv-train-epoch	54	5.0293	0.0010	1.0000	0.0007	0.9996	0.0005	0.9999	0.0002
adv-train-epoch	55	2.3467	0.0003	0.9999	0.0002	0.9999	0.0017	0.9999	0.0009
adv-train-epoch	56	2.3109	0.0030	1.0000	0.0008	0.9996	0.0031	0.9999	0.0007
adv-train-epoch	57	1.2079	0.0007	0.9998	0.0002	0.9998	0.0007	1.0000	0.0004
adv-train-epoch	58	8.7746	0.0015	1.0000	0.0009	0.9995	0.0010	0.9995	0.0004
adv-train-epoch	59	0.5216	0.0014	0.9997	0.0004	0.9996	0.0016	1.0000	0.0008
adv-train-epoch	60	2.3814	0.0026	0.9999	0.0007	0.9996	0.0018	0.9999	0.0007
adv-train-epoch	61	0.7685	0.0010	0.9999	0.0005	0.9997	0.0005	0.9999	0.0003
adv-train-epoch	62	2.4222	0.0011	1.0000	0.0002	0.9999	0.0028	0.9999	0.0008
adv-train-epoch	63	0.3960	0.0011	1.0000	0.0004	0.9998	0.0013	1.0000	0.0005
adv-train-epoch	64	2.8075	0.0017	1.0000	0.0005	0.9997	0.0017	1.0000	0.0009
adv-train-epoch	65	3.7738	0.0015	1.0000	0.0004	0.9998	0.0009	0.9999	0.0004
adv-train-epoch	66	1.1070	0.0004	0.9999	0.0001	0.9999	0.0008	0.9999	0.0003
adv-train-epoch	67	1.6512	0.0014	0.9999	0.0007	0.9996	0.0010	1.0000	0.0005
adv-train-epoch	68	1.1605	0.0004	1.0000	0.0003	0.9998	0.0007	1.0000	0.0004
adv-train-epoch	69	2.4824	0.0015	1.0000	0.0006	0.9997	0.0012	1.0000	0.0006
adv-train-epoch	70	4.3494	0.0013	1.0000	0.0005	0.9998	0.0006	1.0000	0.0003
adv-train-epoch	71	2.3928	0.0012	1.0000	0.0004	0.9998	0.0019	1.0000	0.0010
adv-train-epoch	72	1.5544	0.0019	1.0000	0.0007	0.9997	0.0104	1.0000	0.0035
adv-train-epoch	73	13.2803	0.0114	1.0000	0.0043	0.9979	0.0013	1.0000	0.0006
adv-train-epoch	74	5.0120	0.0017	1.0000	0.0007	0.9996	0.0015	1.0000	0.0007
adv-train-epoch	75	2.1799	0.0013	1.0000	0.0006	0.9997	0.0010	0.9999	0.0004
adv-train-epoch	76	5.4073	0.0019	1.0000	0.0006	0.9997	0.0028	1.0000	0.0006
adv-train-epoch	77	3.9039	0.0009	1.0000	0.0005	0.9998	0.0004	1.0000	0.0003
adv-train-epoch	78	2.7309	0.0022	1.0000	0.0006	0.9997	0.0013	0.9999	0.0006
adv-train-epoch	79	1.7055	0.0010	0.9999	0.0004	0.9998	0.0008	0.9999	0.0005
adv-train-epoch	80	1.9895	0.0004	1.0000	0.0003	0.9998	0.0018	1.0000	0.0006
adv-train-epoch	81	1.0706	0.0028	1.0000	0.0007	0.9997	0.0016	0.9999	0.0006
adv-train-epoch	82	1.3298	0.0004	0.9999	0.0002	0.9999	0.0006	0.9999	0.0002
adv-train-epoch	83	2.6408	0.0012	0.9999	0.0004	0.9998	0.0011	0.9999	0.0004
adv-train-epoch	84	0.8433	0.0005	0.9999	0.0002	0.9999	0.0007	1.0000	0.0002
adv-train-epoch	85	0.9062	0.0020	1.0000	0.0006	0.9997	0.0006	1.0000	0.0004
adv-train-epoch	86	1.2043	0.0006	1.0000	0.0003	0.9998	0.0005	1.0000	0.0003
adv-train-epoch	87	1.2680	0.0009	1.0000	0.0005	0.9997	0.0004	1.0000	0.0002
adv-train-epoch	88	1.0803	0.0002	1.0000	0.0001	0.9999	0.0004	1.0000	0.0002
adv-train-epoch	89	1.2273	0.0017	1.0000	0.0004	0.9998	0.0018	1.0000	0.0007
adv-train-epoch	90	5.9431	0.0013	0.9999	0.0006	0.9997	0.0015	0.9999	0.0006
adv-train-epoch	91	3.2205	0.0021	0.9999	0.0007	0.9996	0.0017	1.0000	0.0005
adv-train-epoch	92	1.2055	0.0012	1.0000	0.0006	0.9997	0.0010	0.9999	0.0002
adv-train-epoch	93	1.6686	0.0010	0.9999	0.0003	0.9998	0.0013	1.0000	0.0004
adv-train-epoch	94	2.6930	0.0009	0.9999	0.0002	0.9999	0.0011	0.9999	0.0003
adv-train-epoch	95	3.9661	0.0010	0.9999	0.0005	0.9997	0.0006	1.0000	0.0004
adv-train-epoch	96	0.9614	0.0006	1.0000	0.0004	0.9998	0.0012	1.0000	0.0006
adv-train-epoch	97	8.9278	0.0006	1.0000	0.0003	0.9998	0.0011	0.9999	0.0003
adv-train-epoch	98	0.4308	0.0005	0.9999	0.0002	0.9999	0.0008	0.9999	0.0002
adv-train-epoch	99	0.8109	0.0014	0.9999	0.0002	0.9999	0.0009	0.9999	0.0002
adv-train-epoch	100	0.8328	0.0011	0.9999	0.0005	0.9997	0.0008	0.9999	0.0003
adv-train-epoch	101	0.5249	0.0005	0.9999	0.0001	0.9999	0.0005	1.0000	0.0003
adv-train-epoch	102	0.3761	0.0011	1.0000	0.0003	0.9998	0.0021	1.0000	0.0006
adv-train-epoch	103	0.4218	0.0006	1.0000	0.0002	0.9999	0.0006	1.0000	0.0004
adv-train-epoch	104	0.8972	0.0007	1.0000	0.0002	0.9999	0.0007	1.0000	0.0003
adv-train-epoch	105	0.9902	0.0010	1.0000	0.0005	0.9997	0.0010	1.0000	0.0004
adv-train-epoch	106	2.0842	0.0005	1.0000	0.0003	0.9999	0.0006	1.0000	0.0002
adv-train-epoch	107	1.3623	0.0012	1.0000	0.0004	0.9998	0.0013	1.0000	0.0008
adv-train-epoch	108	1.2943	0.0007	1.0000	0.0003	0.9998	0.0007	1.0000	0.0004
adv-train-epoch	109	1.6320	0.0007	1.0000	0.0004	0.9998	0.0016	1.0000	0.0004
adv-train-epoch	110	1.5538	0.0003	0.9999	0.0001	0.9999	0.0007	1.0000	0.0003
adv-train-epoch	111	2.0487	0.0002	1.0000	0.0001	1.0000	0.0005	1.0000	0.0002
adv-train-epoch	112	8.5229	0.0006	1.0000	0.0004	0.9998	0.0005	0.9999	0.0002
adv-train-epoch	113	3.1253	0.0008	0.9999	0.0004	0.9998	0.0009	1.0000	0.0004
adv-train-epoch	114	0.7155	0.0013	1.0000	0.0006	0.9997	0.0007	1.0000	0.0002
adv-train-epoch	115	0.5050	0.0010	0.9999	0.0004	0.9998	0.0005	1.0000	0.0001
adv-train-epoch	116	1.5285	0.0015	1.0000	0.0003	0.9998	0.0009	1.0000	0.0002
adv-train-epoch	117	1.7031	0.0006	1.0000	0.0002	0.9999	0.0007	1.0000	0.0003
adv-train-epoch	118	1.7050	0.0010	1.0000	0.0004	0.9998	0.0013	1.0000	0.0004
adv-train-epoch	119	1.6487	0.0009	1.0000	0.0005	0.9997	0.0002	0.9999	0.0000
adv-train-epoch	120	0.0713	0.0012	1.0000	0.0004	0.9998	0.0042	0.9956	0.0000
adv-train-epoch	121	0.0001	0.0041	0.9952	0.0000	0.9976	0.0005	1.0000	0.0002
adv-train-epoch	122	2.5924	0.0002	1.0000	0.0001	0.9999	0.0003	0.9999	0.0001
adv-train-epoch	123	2.2574	0.0008	0.9999	0.0002	0.9999	0.0007	1.0000	0.0004
adv-train-epoch	124	0.5614	0.0003	1.0000	0.0002	0.9999	0.0016	1.0000	0.0004
adv-train-epoch	125	5.0926	0.0009	1.0000	0.0005	0.9998	0.0004	1.0000	0.0002
adv-train-epoch	126	0.7002	0.0002	1.0000	0.0001	0.9999	0.0003	1.0000	0.0001
adv-train-epoch	127	0.8346	0.0005	1.0000	0.0001	0.9999	0.0005	1.0000	0.0003
adv-train-epoch	128	2.1029	0.0006	1.0000	0.0002	0.9999	0.0005	1.0000	0.0002
adv-train-epoch	129	5.7773	0.0002	1.0000	0.0001	0.9999	0.0003	0.9999	0.0001
adv-train-epoch	130	3.5812	0.0016	0.9999	0.0005	0.9997	0.0011	1.0000	0.0005
adv-train-epoch	131	1.3104	0.0009	1.0000	0.0003	0.9998	0.0007	1.0000	0.0002
adv-train-epoch	132	0.8779	0.0002	1.0000	0.0000	1.0000	0.0002	1.0000	0.0000
adv-train-epoch	133	0.3314	0.0008	1.0000	0.0004	0.9998	0.0008	1.0000	0.0003
adv-train-epoch	134	2.1957	0.0009	1.0000	0.0004	0.9998	0.0003	0.9998	0.0001
adv-train-epoch	135	1.6267	0.0003	0.9999	0.0001	0.9999	0.0004	1.0000	0.0002
adv-train-epoch	136	0.0275	0.0003	1.0000	0.0001	0.9999	0.0002	1.0000	0.0000
adv-train-epoch	137	2.5166	0.0009	1.0000	0.0004	0.9998	0.0009	0.9999	0.0004
adv-train-epoch	138	0.2686	0.0015	0.9999	0.0006	0.9997	0.0016	0.9999	0.0004
adv-train-epoch	139	1.8462	0.0010	0.9999	0.0002	0.9999	0.0006	1.0000	0.0003
adv-train-epoch	140	0.5061	0.0011	1.0000	0.0006	0.9997	0.0010	1.0000	0.0004
adv-train-epoch	141	3.9331	0.0006	1.0000	0.0003	0.9998	0.0002	1.0000	0.0001
adv-train-epoch	142	0.2945	0.0003	1.0000	0.0003	0.9998	0.0001	0.9999	0.0000
adv-train-epoch	143	0.2055	0.0003	0.9999	0.0001	0.9999	0.0007	1.0000	0.0004
adv-train-epoch	144	13.7060	0.0016	1.0000	0.0006	0.9997	0.0011	1.0000	0.0004
adv-train-epoch	145	3.3387	0.0011	1.0000	0.0003	0.9999	0.0006	1.0000	0.0002
adv-train-epoch	146	0.9692	0.0009	1.0000	0.0004	0.9998	0.0007	1.0000	0.0002
adv-train-epoch	147	2.5459	0.0014	1.0000	0.0006	0.9997	0.0013	1.0000	0.0005
adv-train-epoch	148	1.7419	0.0005	1.0000	0.0003	0.9998	0.0001	1.0000	0.0000
adv-train-epoch	149	1.4024	0.0004	1.0000	0.0002	0.9999	0.0005	1.0000	0.0002
adv-train-epoch	150	1.3227	0.0009	1.0000	0.0003	0.9998	0.0020	1.0000	0.0005
adv-train-epoch	151	0.7620	0.0010	1.0000	0.0003	0.9998	0.0003	1.0000	0.0002
adv-train-epoch	152	1.3200	0.0013	1.0000	0.0006	0.9997	0.0008	0.9998	0.0003
adv-train-epoch	153	0.3569	0.0012	0.9997	0.0003	0.9997	0.0015	1.0000	0.0004
adv-train-epoch	154	0.7460	0.0007	1.0000	0.0002	0.9999	0.0004	1.0000	0.0001
adv-train-epoch	155	0.6084	0.0010	1.0000	0.0004	0.9998	0.0006	0.9999	0.0002
adv-train-epoch	156	0.0173	0.0004	0.9999	0.0001	0.9999	0.0005	1.0000	0.0004
adv-train-epoch	157	0.9819	0.0003	1.0000	0.0001	0.9999	0.0003	0.9999	0.0000
adv-train-epoch	158	0.2153	0.0008	0.9999	0.0003	0.9998	0.0004	1.0000	0.0002
adv-train-epoch	159	1.4234	0.0017	1.0000	0.0006	0.9997	0.0015	1.0000	0.0004
adv-train-epoch	160	1.8017	0.0004	1.0000	0.0002	0.9999	0.0004	0.9999	0.0001
adv-train-epoch	161	0.8905	0.0006	0.9998	0.0002	0.9998	0.0012	1.0000	0.0006
adv-train-epoch	162	0.2248	0.0018	1.0000	0.0006	0.9997	0.0013	1.0000	0.0005
adv-train-epoch	163	0.6597	0.0008	1.0000	0.0005	0.9997	0.0011	1.0000	0.0006
adv-train-epoch	164	1.0081	0.0003	1.0000	0.0002	0.9999	0.0002	1.0000	0.0000
adv-train-epoch	165	0.0005	0.0003	1.0000	0.0001	0.9999	0.0006	1.0000	0.0002
adv-train-epoch	166	0.9373	0.0006	1.0000	0.0004	0.9998	0.0006	1.0000	0.0001
adv-train-epoch	167	0.6241	0.0010	1.0000	0.0001	0.9999	0.0009	1.0000	0.0003
adv-train-epoch	168	0.3830	0.0013	1.0000	0.0006	0.9997	0.0005	1.0000	0.0002
adv-train-epoch	169	2.5005	0.0005	1.0000	0.0002	0.9999	0.0007	1.0000	0.0004
adv-train-epoch	170	1.0593	0.0007	1.0000	0.0003	0.9998	0.0011	0.9999	0.0004
adv-train-epoch	171	0.9942	0.0011	0.9999	0.0003	0.9998	0.0008	1.0000	0.0003
adv-train-epoch	172	0.0100	0.0022	1.0000	0.0006	0.9997	0.0014	0.9999	0.0004
adv-train-epoch	173	1.2123	0.0006	0.9999	0.0003	0.9998	0.0014	1.0000	0.0004
adv-train-epoch	174	0.8560	0.0004	1.0000	0.0002	0.9999	0.0005	1.0000	0.0001
adv-train-epoch	175	0.5756	0.0012	1.0000	0.0003	0.9998	0.0010	1.0000	0.0003
adv-train-epoch	176	0.2852	0.0007	1.0000	0.0002	0.9999	0.0007	0.9999	0.0002
adv-train-epoch	177	0.9742	0.0010	0.9999	0.0005	0.9997	0.0007	1.0000	0.0004
adv-train-epoch	178	0.7899	0.0006	1.0000	0.0002	0.9999	0.0005	0.9999	0.0002
adv-train-epoch	179	1.1633	0.0003	0.9999	0.0000	0.9999	0.0006	1.0000	0.0002
adv-train-epoch	180	2.9259	0.0012	1.0000	0.0005	0.9998	0.0007	1.0000	0.0003
adv-train-epoch	181	0.9968	0.0004	1.0000	0.0002	0.9999	0.0007	1.0000	0.0003
adv-train-epoch	182	1.3801	0.0007	1.0000	0.0002	0.9999	0.0006	1.0000	0.0002
adv-train-epoch	183	0.4544	0.0004	1.0000	0.0002	0.9999	0.0004	1.0000	0.0003
adv-train-epoch	184	0.3489	0.0007	1.0000	0.0004	0.9998	0.0007	1.0000	0.0003
adv-train-epoch	185	1.5690	0.0004	1.0000	0.0002	0.9999	0.0005	1.0000	0.0002
adv-train-epoch	186	0.6513	0.0004	1.0000	0.0002	0.9999	0.0007	1.0000	0.0003
adv-train-epoch	187	1.0384	0.0012	1.0000	0.0004	0.9998	0.0016	1.0000	0.0003
adv-train-epoch	188	0.5929	0.0014	1.0000	0.0004	0.9998	0.0008	1.0000	0.0004
adv-train-epoch	189	0.5395	0.0002	1.0000	0.0001	0.9999	0.0002	1.0000	0.0001
adv-train-epoch	190	0.8579	0.0016	1.0000	0.0004	0.9998	0.0009	0.9999	0.0002
adv-train-epoch	191	0.1662	0.0003	0.9999	0.0000	0.9999	0.0007	1.0000	0.0003
adv-train-epoch	192	1.2456	0.0002	1.0000	0.0001	1.0000	0.0004	1.0000	0.0001
adv-train-epoch	193	0.9821	0.0003	1.0000	0.0001	0.9999	0.0004	1.0000	0.0001
adv-train-epoch	194	0.5247	0.0004	1.0000	0.0001	1.0000	0.0004	1.0000	0.0001
adv-train-epoch	195	0.0165	0.0003	1.0000	0.0001	0.9999	0.0003	1.0000	0.0001
adv-train-epoch	196	1.5605	0.0008	0.9999	0.0004	0.9998	0.0005	1.0000	0.0002
adv-train-epoch	197	0.3906	0.0004	1.0000	0.0001	0.9999	0.0005	1.0000	0.0002
adv-train-epoch	198	0.6664	0.0015	1.0000	0.0005	0.9997	0.0016	1.0000	0.0005
adv-train-epoch	199	0.9491	0.0013	1.0000	0.0002	0.9999	0.0017	1.0000	0.0004
